t=1.199999999999990*x+2.399999999999990*0.020000000000000*y+2.519999999999990*0.000400000000000*y+-0.960000000000001*0.000400000000000*x+1.123999999999990*0.000008000000000*y+-0.672000000000001*0.000008000000000*x+-17.280000000000101*0.000400000000000*x*x*y+0.254099999999999*0.000000160000000*y+-0.224800000000001*0.000000160000000*x+-23.040000000000099*0.000008000000000*x*y*y+-24.192000000000100*0.000008000000000*x*x*y+4.607999999999990*0.000008000000000*x*x*x+0.016802000000000*0.000000003200000*y+-0.040656000000000*0.000000003200000*x+-0.000000031712380;
y=1.199999999999990*y+2.519999999999990*0.020000000000000*y+-0.960000000000001*0.020000000000000*x+1.685999999999990*0.000400000000000*y+-1.008000000000010*0.000400000000000*x+-17.280000000000101*0.020000000000000*x*x*y+0.508199999999998*0.000008000000000*y+-0.449600000000001*0.000008000000000*x+-34.560000000000102*0.000400000000000*x*y*y+-36.288000000000103*0.000400000000000*x*x*y+6.911999999999990*0.000400000000000*x*x*x+0.042004999999999*0.000000160000000*y+-0.101640000000001*0.000000160000000*x+-23.040000000000099*0.000008000000000*y*y*y+-96.768000000000200*0.000008000000000*x*y*y+-1.238400000000030*0.000008000000000*x*x*y+9.676799999999981*0.000008000000000*x*x*x+-0.023013900000000*0.000000003200000*y+-0.006720800000000*0.000000003200000*x+124.415999999999002*0.000400000000000*x*x*x*x*y+-84.672000000000196*0.000000160000000*y*y*y+-89.020800000000193*0.000000160000000*x*y*y+50.742719999999800*0.000000160000000*x*x*y+0.247679999999994*0.000000160000000*x*x*x+-0.010295131666667*0.000000000064000*y+0.003068520000000*0.000000000064000*x+-0.000000590031287;