
x = [1.19999999999999 , 1.20000000000001] * local_var_1 + [2.39999999999999 , 2.40000000000001] * local_t * local_var_2 + [2.51999999999999 , 2.52000000000001] * local_t^2 * local_var_2 + [-9.60000000000001e-1 , -9.59999999999999e-1] * local_t^2 * local_var_1 + [1.12399999999999 , 1.12400000000001] * local_t^3 * local_var_2 + [-6.72000000000001e-1 , -6.71999999999999e-1] * local_t^3 * local_var_1 + [-1.72800000000001e1 , -1.72799999999999e1] * local_t^2 * local_var_1^2 * local_var_2 + [2.54099999999999e-1 , 2.54100000000001e-1] * local_t^4 * local_var_2 + [-2.24800000000001e-1 , -2.24799999999999e-1] * local_t^4 * local_var_1 + [-2.30400000000001e1 , -2.30399999999999e1] * local_t^3 * local_var_1 * local_var_2^2 + [-2.41920000000001e1 , -2.41919999999999e1] * local_t^3 * local_var_1^2 * local_var_2 + [4.60799999999999 , 4.60800000000001] * local_t^3 * local_var_1^3 + [1.68019999999997e-2 , 1.68020000000003e-2] * local_t^5 * local_var_2 + [-4.06560000000002e-2 , -4.06559999999999e-2] * local_t^5 * local_var_1 + [-3.17123795146919e-8 , 3.17123795146919e-8]

y = [1.19999999999999 , 1.20000000000001] * local_var_2 + [2.51999999999999 , 2.52000000000001] * local_t * local_var_2 + [-9.60000000000001e-1 , -9.59999999999999e-1] * local_t * local_var_1 + [1.68599999999999 , 1.68600000000001] * local_t^2 * local_var_2 + [-1.00800000000001 , -1.00799999999999] * local_t^2 * local_var_1 + [-1.72800000000001e1 , -1.72799999999999e1] * local_t * local_var_1^2 * local_var_2 + [5.08199999999998e-1 , 5.08200000000001e-1] * local_t^3 * local_var_2 + [-4.49600000000001e-1 , -4.49599999999999e-1] * local_t^3 * local_var_1 + [-3.45600000000001e1 , -3.45599999999999e1] * local_t^2 * local_var_1 * local_var_2^2 + [-3.62880000000001e1 , -3.62879999999999e1] * local_t^2 * local_var_1^2 * local_var_2 + [6.91199999999999 , 6.91200000000001] * local_t^2 * local_var_1^3 + [4.20049999999994e-2 , 4.20050000000006e-2] * local_t^4 * local_var_2 + [-1.01640000000001e-1 , -1.01639999999999e-1] * local_t^4 * local_var_1 + [-2.30400000000001e1 , -2.30399999999999e1] * local_t^3 * local_var_2^3 + [-9.67680000000002e1 , -9.67679999999998e1] * local_t^3 * local_var_1 * local_var_2^2 + [-1.23840000000003 , -1.23839999999997] * local_t^3 * local_var_1^2 * local_var_2 + [9.67679999999998 , 9.67680000000002] * local_t^3 * local_var_1^3 + [-2.30139000000003e-2 , -2.30138999999997e-2] * local_t^5 * local_var_2 + [-6.72080000000014e-3 , -6.72079999999989e-3] * local_t^5 * local_var_1 + [1.24415999999999e2 , 1.24416000000001e2] * local_t^2 * local_var_1^4 * local_var_2 + [-8.46720000000002e1 , -8.46719999999998e1] * local_t^4 * local_var_2^3 + [-8.90208000000002e1 , -8.90207999999998e1] * local_t^4 * local_var_1 * local_var_2^2 + [5.07427199999998e1 , 5.07427200000001e1] * local_t^4 * local_var_1^2 * local_var_2 + [2.47679999999994e-1 , 2.47680000000006e-1] * local_t^4 * local_var_1^3 + [-1.02951316666668e-2 , -1.02951316666665e-2] * local_t^6 * local_var_2 + [3.06851999999994e-3 , 3.06852000000006e-3] * local_t^6 * local_var_1 + [-5.90031286628372e-7 , 5.90031286628372e-7]

